application-atom+xml
280
2298
2331
21330
24430
207900
--------
application-dif+xml
2379
2632
2878
3177
3292
15910
--------
application-dita+xml; format=concept
926
931
1587
6942
3884
64900
--------
application-epub+zip
58020
63250
65440
63850
65540
65540
--------
application-fits
12560
65540
65540
63330
65540
65540
--------
application-gzip
12
27300
64840
334000
429800
17300000
--------
application-java-vm
65430
65430
65430
65430
65430
65430
--------
application-msword
4608
5888
7168
7168
8448
9728
--------
application-octet-stream
34
41470
63450
122400
65540
33550000
--------
application-pdf
1649
63070
65540
182400
65540
80490000
--------
application-postscript
13940
62510
65540
91560
65540
1081000
--------
application-rdf+xml
396
690
1208
11030
8483
105200
--------
application-rss+xml
225
1021
8258
18860
26450
2507000
--------
application-rtf
520
7728
44320
66430
65500
1253000
--------
application-vnd.google-earth.kml+xml
392
3750
34890
50790
64560
2e+06
--------
application-vnd.ms-excel.sheet.4
12340
12340
12340
12340
12340
12340
--------
application-vnd.ms-htmlhelp
61720
61720
61720
61720
61720
61720
--------
application-vnd.rn-realmedia
60550
63450
64900
65300
64900
125300
--------
application-x-7z-compressed
62920
63190
63460
63460
63730
64000
--------
application-x-bibtex-text-file
297
396
433
1908
545
25230
--------
application-x-bittorrent
858
1746
4408
4569
7434
8442
--------
application-x-bzip2
57550
63960
65540
64460
65540
65540
--------
application-x-compress
2987
1877000
3853000
3588000
5599000
8172000
--------
application-x-debian-package
59440
59440
61040
62150
65420
65420
--------
application-x-elc
640
746
2512
11800
12800
260000
--------
application-x-executable
58130
65430
65540
160800
65540
4128000
--------
application-x-font-ttf
54840
60060
65540
62720
65540
65540
--------
application-x-grib
4872
5220
5568
5413
5684
5800
--------
application-x-gtar
10240
64140
65540
61190
65540
65540
--------
application-x-hdf
40520
64990
65540
5358000
7924000
33550000
--------
application-x-java-jnilib
12250000
12250000
12250000
12250000
12250000
12250000
--------
application-x-lha
48780
52390
56000
56000
59610
63220
--------
application-x-matroska
60350
64170
65540
8310000
11890000
33550000
--------
application-x-msdownload
9856
62780
64360
107500
65540
2e+06
--------
application-x-msdownload; format=pe
63900
63900
63900
63900
63900
63900
--------
application-x-msdownload; format=pe32
62500
65340
65420
464800
65540
6127000
--------
application-x-msmetafile
3298
5920
20030
21670
21400
57720
--------
application-x-rar-compressed
65540
65540
65540
65540
65540
65540
--------
application-x-rpm
59920
61260
65280
63540
65390
65420
--------
application-x-sh
1302
4819
5288
16140
11240
861700
--------
application-x-shockwave-flash
4097
41520
63710
87290
65540
2e+06
--------
application-x-sqlite3
65540
65540
65540
65540
65540
65540
--------
application-x-stuffit
64600
64600
64600
64600
64600
64600
--------
application-x-tar
2048
63460
63970
59750
65540
65540
--------
application-x-tex
3439
9141
19680
24170
35010
65540
--------
application-x-tika-msoffice
61690
61690
61690
61690
61690
61690
--------
application-x-tika-ooxml
3081
47080
64600
97850
65540
11440000
--------
application-x-xz
59040
65540
65540
64940
65540
65540
--------
application-xhtml+xml
160
19380
32340
33290
45330
10250000
--------
application-xml
105
4403
11680
15410
18540
1224000
--------
application-xslt+xml
316
3965
4935
10170
12480
31660
--------
application-zip
377
53690
65540
276700
1e+05
93710000
--------
application-zlib
58130
63610
65540
341300
65540
2655000
--------
audio-basic
12700
21980
31120
38340
58910
119600
--------
audio-mp4
22210
45980
58880
52050
64320
64690
--------
audio-mpeg
12150
64680
65540
587200
65540
17460000
--------
audio-x-aiff
63470
64190
65540
6153000
65540
33550000
--------
audio-x-flac
65540
65540
65540
65540
65540
65540
--------
audio-x-mpegurl
105
105
105
105
105
105
--------
audio-x-ms-wma
60560
64180
64900
134800
64910
2e+06
--------
audio-x-wav
24830
62010
63710
64970
64910
170000
--------
image-gif
34
442
3015
12660
17050
2655000
--------
image-jpeg
209
7720
24240
45710
61910
15630000
--------
image-png
68
3426
14840
53950
62770
33550000
--------
image-svg+xml
368
1863
4132
12700
13060
98300
--------
image-tiff
3362
63450
64900
2980000
3689000
84350000
--------
image-vnd.adobe.photoshop
61320
64420
65490
64460
65540
65540
--------
image-vnd.dwg
64680
64690
64700
64690
64700
64700
--------
image-vnd.microsoft.icon
198
1150
1406
4991
3868
65540
--------
image-x-bpg
548
7471
11860
17680
27040
49180
--------
image-x-ms-bmp
306
822
10560
39790
63360
720100
--------
image-x-xcf
7099
7099
7099
7099
7099
7099
--------
message-rfc822
60
1110
1545
11600
12170
151900
--------
message-x-emlx
18220
18220
18220
18220
18220
18220
--------
text-html
8
9124
32290
40230
65540
8696000
--------
text-plain
1
1125
8409
34420
26980
43490000
--------
text-troff
1123
1123
1123
2320
2919
4715
--------
text-x-csrc
3714
21960
40210
29710
42700
45200
--------
text-x-diff
2845
2845
2845
2845
2845
2845
--------
text-x-jsp
14600
14770
14940
16330
17200
19460
--------
text-x-matlab
18
890
3062
10410
5934
66620
--------
text-x-perl
1141
1860
5488
5916
9980
13980
--------
text-x-php
100
388.2
11330
14430
15490
63510
--------
text-x-python
7379
8304
10190
17700
12100
65540
--------
text-x-vcard
286
333
345
824.1
348
6726
--------
video-mp4
58260
64550
65540
3833000
2e+06
33550000
--------
video-mpeg
58150
63460
64900
4636000
65490
33550000
--------
video-quicktime
30080
63460
64890
2409000
65540
33550000
--------
video-x-flv
58160
63710
65320
184900
65540
2e+06
--------
video-x-m4v
57560
63450
64900
2631000
65540
33550000
--------
video-x-ms-asf
60480
63440
64110
63900
64900
65540
--------
video-x-ms-wmv
59010
63460
64890
2725000
65540
33550000
--------
video-x-msvideo
59590
64760
65540
3215000
65540
33550000
--------
