unit,count,min,max,average
stones,13,3.0,29.0,15.846153846153845
wavelengths,89,2.0,1650763.73,37115.38719101124
deci,7,0.1,1.0,0.8714285714285714
Chain,2,1.0,3.2,2.1
yocto,19,1991.0,1991.0,1991.0
hectare,102,1.0,500000.0,6005.923529411765
peck,1,1.0,1.0,1.0
mol,28,0.0001,1800.0,146.13267285714284
rod,3,1.0,1.0,1.0
milliliter,2,0.5,550.0,275.25
meter,9084,0.05,6786813.4,22655.952173888123
Years,3,20.0,35.0,28.333333333333336
symbols,28,1.0,1000.0,143.96428571428572
Colors,3,5.4,16.0,12.466666666666665
mile,628,0.1,3610.0,52.85480891719747
ounces,171,1.4e-05,1000.0,45.97292405847956
centimeter,65,0.01,120.0,20.71446153846155
township,1,4.0,4.0,4.0
Gases,2,3.0,9.3,6.15
Liters,15,1.000025,750.0,146.72073500000002
carat,6,20.0,24.0,22.516666666666666
Acres,284,0.01,8000.0,284.576654929577
prefixes,16,2.0,1024.0,79.62500000000001
dam2,1,1.0,1.0,1.0
Degrees,33,1.24,170.0,23.73909090909092
teaspoon,58,1.0,2.0,1.017241379310345
cm2/s,2,0.06,0.06,0.06
cm3,57,1.0,1000.0,348.7403508771932
pixel,263,0.0,8192.0,1093.194110266161
exbibyte,11,1.0,10246.0,1534.1818181818182
liter,93,0.8,660.0,12.536559139784945
Squares,6,4.0,64.0,21.333333333333336
trits,3,6.0,6.0,6.0
rem,6,0.5,7000.0,1250.9166666666667
ed.,97,1.0,2012.0,290.3886597938143
fluid,10,1.0,16.0,4.6
femto,19,1960.0,1960.0,1960.0
giga,30,109.0,1000000000000.0,200100001254.96664
Units,5,3.0,1500.0,315.8
dyn,5,1.0,980665.0,287883.6
tebibyte,16,1.0,10244.0,1191.689
knot,146,0.1,250.0,37.05890410958901
Entries,27,3.0,1114112.0,45492.74074074075
Foot,270,0.02,6000.0,178.96496296296286
cylinders,38,3.0,1024.0,115.8157894736842
bit,10326,0.0,7372800.0,774.0413906643424
Quarters,9,3.0,427.1,61.344444444444434
day,9905,0.0,7.0001e+19,1.4134477536598132e+16
Minute,1328,0.1,433.0,14.400677710843397
gray,7,2.0,248.0,123.28571428571429
ns,125,0.001,5130.0,1009.7418879999997
bar,144,0.1,2015.0,80.2445520833333
D,133,0.0,958332983.0,7222242.929724381
Pounds,29,4.4,1500.0,259.3068965517241
H,45,1.0,8573.0,386.40444444444455
Bytes,130,2.0,500000000000.0,3846214186.030768
troy,4,0.473,40.0,15.93825
tera,28,1012.0,1000000000000.0,214285715734.32138
Deals,8,3.0,10373.0,1878.4999999999998
micro,1479,0.001,5477.0,255.31432995267096
Miles,356,0.5,838.0,93.31140449438197
Steps,1,39.0,39.0,39.0
gram,44,0.1,2000.0,267.2568181818183
millimeters,547,0.0001,2250.0,84.5757336380257
QUARTER,5,1.0,2014.0,809.0
Page,9,1.0,16587.0,2279.3333333333335
newton,11,1.0,16000.0,1678.5272727272725
square,436,0.0066943799902,191976.0,688.8933883372492
Force,1,5182641.0,5182641.0,5182641.0
Grain,1,320.0,320.0,320.0
weight,5,1.5,50.0,32.9
kbit/s,394,0.1,7.0054736e+21,1.2641449467005075e+20
ENERGY,1,2010.0,2010.0,2010.0
kilo,44,1.0,1000000.0,137523.02727272725
milligram,13,0.05,80.0,15.196153846153848
Edition,1,2010.0,2010.0,2010.0
second,230,0.016,2014.0,38.56185217391306
Frequency,1,4.0,4.0,4.0
Meters,11,1.2,500.0,92.4940909090909
Examples,1,3.1,3.1,3.1
Year,2,1.0,8.0,4.5
Laboratory,1,6920.0,6920.0,6920.0
Transitions,4,160.0,2011.0,1208.5
nanometer,69,0.1,860.0,243.8942028985507
barn,1,1.0,1.0,1.0
kbit,34,1.0,1000.0,615.5
Length,3,19.0,9781107675896.0,6520738238699.0
Dimensions,1,1.3,1.3,1.3
nano,28,1e-06,8080.0,1621.7142859285716
bpp,30,1.0,24.0,9.966666666666667
Decisions,1,32.03,32.03,32.03
Section,1,1.1,1.1,1.1
fathom,16,0.547,100.0,13.176812500000004
decimeters,1,1.2,1.2,1.2
kilometer,2611,0.3,6000.0,19.70306396016854
fathoms,86,2.0,1000.0,308.0510465116278
tablespoon,41,1.0,3.0,1.097560975609756
cm/s2,8,0.02,980.0,492.6275
ounce,21,0.12,64.0,6.83047619047619
Chains,1,8.0,8.0,8.0
Speed,1,2.0,2.0,2.0
T,19,0.01,2010.0,646.9642105263158
degree,8855,0.0,6000.0,14.149410563523537
Atoms,1,0.0,0.0,0.0
Hours,71,2.0,100.0,12.74647887323944
cd/m2,5,80.0,3000.0,1375.9999999999998
Step,3,1.0,1976.0,660.6666666666666
base,334,0.0,45997.0,1538.1257485029944
Yards,27,20.0,1760.0,250.6777777777778
Kilometers,563,0.18,2115.0,189.45598579040887
furlongs,8,2.0,8.0,5.125000000000001
byte,224,0.0,27000.0,576.3080357142861
Digits,5,3.0,40.0,12.0
WATER,14,0.0,14046.0,1946.9999999999998
Stone,2,73.0,968.0,520.5
yard,36,1.0,6449.0,425.16944444444454
mega,11,50.0,1024.0,594.9090909090909
Gallons,404,0.0,75000.0,452.3591534653466
Months,64,2.0,30.0,5.749999999999998
hecto,58,100.0,1795.0,888.9482758620691
Times,90,0.589,2000.0,116.2282111111112
turn,9,2.0,857.0,142.7777777777778
S,2,2.1,60.0,31.05
pico,29,1e-12,1960.0,1284.2758620691718
Survey,316,5.0,5280.0,1254.405063291139
m2/s,5,1.0,3.0,1.4
gamma,4,1.0,2001.0,501.3
bushel,2,1.0,2.0,1.5
gibibyte,18,1.0,10243.0,656.3333333333334
cup,99,0.0,4.0,1.06060606060606
cM,664,0.0,985.0,41.24315336295176
Point,1,-93.546,-93.546,-93.546
m/s,1545,0.0,299792458.0,1032807.2400774696
lumens,15,12.57,5200.0,916.438
rad,34,0.00872665,500.0,24.948006999411763
hm2,1,1.0,1.0,1.0
Feet,6037,0.0,20475493.5,34815.87250056499
volt,77,1.0,800.0,36.80259740259741
Newtons,8,0.5,491.0,171.9375
Names,7,7.0,140.0,27.857142857142858
joule,14,0.1602,4200.0,982.810014285714
Unit,5,1.0,2600.0,926.6
ps,9,0.5,200.0,91.97777777777777
m1,1,500.0,500.0,500.0
kg/mol,5,0.001,0.0289644,0.014385760000000001
Legislation,2,13.0,2010.0,1011.5
System,12,3.0,2000.0,261.01666666666665
hertz,57,0.0,9192631770.0,161274431.51754397
FM,1,102.3,102.3,102.3
Clocks,1,40.4,40.4,40.4
dm3,16,0.5,1.0,0.5625
ton,91,1.0,369000.0,7122.186813186813
m3,154,0.0,1000000000.0,6495101.810545455
m2,887,0.0,1000000.0,1255.3470652773399
micron,4182,0.02,880.0,28.92914108082261
Ph,1,2023754884.0,2023754884.0,2023754884.0
Bits,492,0.0,3000000000.0,15650912.2430589
deka,1,10.0,10.0,10.0
lumen,4,0.1,683.0,171.275
Inches,1753,0.00394,320.0,14.397036722190547
league,14,1.0,2015.0,298.85714285714283
kilograms,376,0.01192,6000.0,324.31337212765965
Quantities,1,1.06,1.06,1.06
acre,75,0.02,6400.0,408.81493333333356
Lists,2,4.0,5.0,4.5
teaspoons,73,2.0,22.0,7.958904109589038
Part,10,1.0,639.0,227.411
atom,20,0.0,133.0,98.30000000000001
E,1,4.0,4.0,4.0
ha,612,0.0,16000.0,282.26919019607857
bushels,3,2.5,29.0,13.833333333333334
Grains,12,0.0,178.0,63.83333333333334
mg,973,0.002,5101.0,265.1412546145928
laser,54,1.0,23000.0,1386.8333333333335
Hour,1607,0.05,120.0,14.698245177349044
mM,1487,0.0,12000.0,157.22874590450598
Sections,8,5.0,235.0,41.5
milligrams,96,0.0186,640.0,121.6520479166667
yotta,6,1024.0,1e+24,8.333333333333333e+23
erg,1,3.7415,3.7415,3.7415
siemens,1,104.0,104.0,104.0
Cal,4,4.0,8200.0,4726.0
milliliters,19,15.0,170.0,85.26315789473684
Minutes,164,0.0,194.0,75.38713414634145
Periods,1,2.2,2.2,2.2
tonne,42,1.0,200.0,12.909633333333325
kHz,1,125.0,125.0,125.0
pound,163,0.02,5277.0,374.2830666968234
pints,8,2.0,100.0,15.000000000000002
avoirdupois,1,2.2046,2.2046,2.2046
micrometer,1417,0.001,300.0,33.75164784756532
decimeter,1,1.0,1.0,1.0
centi,26,0.01,1795.0,1311.7542307692313
Numbers,2,4.1,2010.0,1007.05
radian,1,1.0,1.0,1.0
gallon,36,1.0,3000.0,140.25
Rods,2,4.0,12.0,8.0
Cables,1,5.0,5.0,5.0
mole,6,1.0,76.0,27.5
kilobit,13,1.0,256.0,38.15384615384615
mil,131,1.0,900.0,56.86488549618326
min,8961,0.0,201417.0,80.0331618122983
lengths,5,3.0,35.0,26.6
microgram,3,0.1,1.0,0.44666666666666666
pecks,1,4.0,4.0,4.0
Radiation,1,5.3,5.3,5.3
Amount,5,1958.0,2015.0,1988.6
Parts,42,1.0,800.0,165.00000000000006
milli,27,0.001,1795.0,1269.8170740740732
inch,1619,4e-05,152.0,5.408055975293395
dynes,8,1.35,2744.0,1390.2937499999998
centimeters,877,0.0,100000.0,157.45633163055876
Document,225,1.0,19115.0,1803.148044444445
quart,11,1.0,70.0,7.2727272727272725
pint,2,1.0,1.0,1.0
neper,1,1.0,1.0,1.0
kelvin,252,0.06,5200.0,66.31285714285718
quarts,5,1.6,400.0,86.92
molecule,5,105.0,594.0,280.20000000000005
hand,10,1.0,605.0,86.7
millimeter,374,0.001,1000.0,202.60267647058808
hectares,381,0.1,14000.0,554.165275590551
bel,1,1.0,1.0,1.0
m/s2,102,1e-05,274.0,22.766363333333334
watt,79,0.1,4500.0,488.2626582278481
peta,28,1015.0,1000000000000000.0,214285714287163.25
Pages,7,2.0,288.0,76.71428571428572
nM,212,0.125,2500.0,658.3503655660376
kB,1,900.0,900.0,900.0
kG,3,3.85,8.0,5.25
grams,500,0.0,670000000.0,1340158.6339175627
exa,22,1018.0,1e+18,9.090909090909269e+16
mebibyte,21,1.0,10242.0,549.6666666666666
M,3346,0.0,100010000.0,60706.14274983039
kibibyte,18,1.0,10241.0,1173.3888888888887
kilogram,60,0.001,4000.0,217.11748333333333
Points,3,0.2,14.0,6.3999999999999995
mass,107,1.0,21115.0,1388.79906542056
Volumes,7,3.0,120.0,31.571428571428577
Time,2,218.0,2014.0,1116.0
pebibyte,13,1.0,10245.0,1314.6923076923076
Barrel,5,1.0,8000.0,1612.4
Quantity,1,7.0,7.0,7.0
