unit,count,min,max,average
wavelengths,5,3.0,1467.0,336.40000000000003
deci,2,0.1,0.1,0.1
liters,4,2.0,54.0,22.95
mol,1,2.0,2.0,2.0
milliliter,2,50.0,500.0,275.0
meter,282,0.25,5500.0,166.59308510638277
Years,1,20.0,20.0,20.0
symbols,13,2.0,4142.5,1593.6923076923078
Colors,7,2.0,150.0,43.42857142857143
mile,303,0.3,2100.0,22.771617161716136
kilo,3,2.0,1000.0,667.3333333333333
centimeter,4,1.0,117.0,37.75
cup,2,1.0,1.0,1.0
carat,1,1.0,1.0,1.0
acres,95,0.22,5000.0,232.8556842105262
prefixes,1,2008.0,2008.0,2008.0
drachm,1,6.0,6.0,6.0
Degrees,126,0.0,360.0,64.19036411111118
teaspoon,1,2.0,2.0,2.0
hectare,1,1.0,1.0,1.0
cm3,1,1.0,1.0,1.0
pixel,105,0.5,512.0,58.98571428571429
liter,4,1.0,30.0,9.0
inch,84,0.004,61.0,7.21742857142857
knot,42,0.1,7.0,0.9738095238095239
entries,348,0.0,32767.0,204.74999999999991
foot,70,0.01,5000.0,231.40771428571415
bit,388,1.0,1995.0,72.36855670103095
day,389,0.5,2447.0,116.79790791259647
Minute,790,1.0,80.0,3.155063291139241
gray,2,0.0,1.0,0.5
ns,6,0.3,340.0,86.71666666666667
bar,6,0.2,18.0,4.8
D,37,1.0,2006.0,120.03648648648644
pounds,143,0.251,3600.0,242.8486405594404
h,129,0.0,2014.0,49.04329457364343
Bytes,87,0.0,16491989.0,750445.109195402
troy,2,1.0,12.0,6.5
miles,3728,0.01,8000.0,55.68208556866978
Steps,1,100.0,100.0,100.0
t,129,0.0,1900.0,47.69906976744187
millimeters,93,0.062,9999.0,160.34152150537625
Page,12,1.0,404.0,76.91666666666666
square,34,1.0,4550.0,505.9705882352942
weight,4,5.0,82.0,45.5
kbit/s,14,1.0,64.0,17.021428571428576
ounces,6,2.1,7.0,6.0633333333333335
milligram,9,0.05,1.0,0.49
Edition,24,3.1,2016.0,1750.0041666666666
second,6,0.3,15.0,3.1333333333333333
frequency,3,1.0,2000.0,667.3333333333334
Meters,2,3.0,30.0,16.5
Examples,2,3.0,1993.0,998.0
Year,24,1.0,900.0,67.25
Laboratory,1,720.0,720.0,720.0
transitions,265,2.0,17.0,2.5924528301886784
nanometer,1,1.0,1.0,1.0
Dimensions,3,2.0,3.0,2.666666666666667
speed,5,0.0,4.0,1.4
Section,1,2.0,2.0,2.0
fathom,1,0.547,0.547,0.547
kilometer,56,0.3,705.0,67.80178571428571
fathoms,1,687.77,687.77,687.77
gram,10,0.001,1.0,0.9000999999999999
cord,13,1.0,3.0,1.538461538461538
degree,204,0.0,360.0,20.013723039215677
decisions,1,2014.0,2014.0,2014.0
atoms,1,12.0,12.0,12.0
water,86,1.0,2013.0,961.6279069767439
hecto,2,100.0,100.0,100.0
base,11,3.0,2010.0,1464.8181818181818
yards,28,22.0,1760.0,246.24999999999991
Kilometers,2,10.0,37.0,23.5
byte,190,0.0,2880.0,112.75789473684192
digits,4855,2.0,32.0,14.132646755921737
Hours,2488,0.0,1920.0,27.876763064710577
gallons,50,2.0,1270.0,183.71039999999994
Months,132,0.0,345.0,13.29166666666666
Step,5,4.0,14.0,6.3999999999999995
times,653,0.01,6200.0,75.43581929555903
Length,11,0.0,411.0,37.36363636363637
ounce,2,0.001,0.6,0.3005
survey,18,0.000191,2012.0,1785.5555661666667
gamma,1,0.1,0.1,0.1
cm,1190,0.0,2855.0,35.67796857142863
Point,2,0.0,30.0,15.0
m/s,59,0.001,299792458.0,10162568.745796615
rad,7,1.0,3.0,2.142857142857143
feet,1236,0.001,25000.0,642.0497508090577
volt,2,5.0,6.0,5.5
newtons,2,0.2,10.0,5.1
names,17,2.0,140.0,22.18823529411765
unit,4,0.05,2.0,1.2625
ps,38,12.0,66.1,17.271052631578954
legislation,2,2003.0,2003.0,2003.0
System,6,7.0,2003.0,658.0166666666667
hertz,4,20.0,400.0,223.0
ton,9,0.2,100.0,13.299999999999999
m3,3,1.0,1.0,1.0
acre,8,1.0,1160.0,327.625
micron,62,0.1,1000.0,60.717935483870974
pH,1,400.0,400.0,400.0
sections,12,4.0,605.0,111.91666666666666
inches,736,0.0,741.0,27.83794836956521
kilograms,21,2.0,1000.0,350.9047619047618
quantities,13,2.0,150.0,37.15384615384615
m2,20,0.03,100.0,5.13
Lists,4,2.0,11.0,5.75
Part,26,0.0,3.0,1.225
atom,2,133.0,133.0,133.0
kg,68,0.2,3800.0,602.0251955588233
ha,18,0.5,6000.0,657.6944444444447
mg,60,0.003,2500.0,212.76388333333333
laser,1,44.0,44.0,44.0
hour,609,0.0,640.0,19.872315270935978
mM,9,0.333,100.0,17.470333333333333
Bits,114,0.0,1200.0,53.414035087719284
milligrams,145,0.01,20000.0,2889.873703448273
milliliters,4,100.0,100.0,100.0
minutes,1889,0.0,525600.0,584.3873255684498
NUMBERS,1,4.0,4.0,4.0
kHz,1,3.5,3.5,3.5
pound,6,0.53,418.0,140.85500000000002
pints,4,1.0,3.0,1.5
avoirdupois,1,1.09714,1.09714,1.09714
micrometer,21,0.0,1000.0,191.38095238095244
centi,2,0.01,0.01,0.01
Periods,1,2002.0,2002.0,2002.0
gallon,5,1.0,1.0,1.0
mole,3,1.0,1.0,1.0
nm,820,0.142,2800.0,554.0523317073167
min,1882,0.0,773.39,10.088490967056318
microgram,11,0.02,20.0,3.0090909090909093
radiation,1,2.0,2.0,2.0
S,4,0.1,23.7953,6.448825000000001
Parts,3,0.4,450.0,152.5
milli,2,0.001,0.001,0.001
Units,13,0.0,3.4028235e+38,2.617556538461539e+37
centimeters,80,0.5,360.0,50.61125
document,112,0.0,19115.0,17210.557142857142
pint,6,1.0,1.0,1.0
tablespoon,1,1.0,1.0,1.0
millimeter,20,0.0625,50.0,3.9594249999999986
hectares,4,10.0,730.0,468.75
watt,2,15.0,60.0,37.5
Pages,44,2.0,1264.0,258.52272727272725
mil,7,10.0,10.0,10.0
kB,1,429.41,429.41,429.41
E,1,18.5,18.5,18.5
grams,12,2.5,453.6,136.65833333333333
m,2813,-3000.0,6378137.0,50545.78453069259
kilogram,8,0.012,2400.0,300.44675000000007
Points,47,0.4,71015.0,6210.668085106381
mass,7,3.0,1996.0,324.42857142857144
volumes,35,2.0,2014.0,1439.9714285714292
Time,21,1.0,8601.0,898.2857142857144
Quantity,1,19.0,19.0,19.0
