unit,count,min,max,average
degree,32,0.001,360.0,58.281593749999985
cm,2,30.0,2855.0,1442.5
m/s,1,458.0,458.0,458.0
bytes,7,0.0,2.0,0.8571428571428572
meter,1,1.0,1.0,1.0
years,7,10.0,30000.0,5005.428571428572
second,1,1.0,1.0,1.0
meters,1,1000.0,1000.0,1000.0
year,1,3.0,3.0,3.0
nm,10,70.0,300.0,175.6
parts,4,0.3,0.9,0.6
degrees,3,4.0,180.0,62.66666666666667
centimeters,1,1e-08,1e-08,1e-08
inches,1,39.0,39.0,39.0
hours,4,3.0,24.0,11.25
bit,4,16.0,64.0,40.0
day,3,1.0,1.0,1.0
minute,9,1.0,1.0,1.0
digits,10,2.0,10.0,3.0
kb,3,3.0,3.0,3.0
e,2,11.0,23.0,17.0
hour,2,1.0,3.0,2.0
pounds,1,2.2,2.2,2.2
mm,2,1.0,81.0,41.0
m,3,0.2,11.0,3.8
times,1,1.4,1.4,1.4
miles,1,5.0,5.0,5.0
t,3,4.0,11.0,6.333333333333333
minutes,12,5.0,60.0,49.16666666666666
