unit,count,min,max,average
kHz,1,75.0,75.0,75.0
square,5,8.0,1000.0,404.8
cm,22,1.0,863.0,139.25
m/s,3,3.0,3.0,3.0
micrometer,8,0.441,3.0,1.7205000000000001
meter,18,1.0,25.0,4.166666666666666
Years,4,11.0,202.0,87.0
feet,4,2.0,30.0,16.75
edition,2,2014.0,2014.0,2014.0
meters,26,1.5,3329.8,515.7261538461536
year,17,3.0,3000.0,194.88235294117638
acres,1,290.0,290.0,290.0
nm,12,27.0,656.3,401.85
min,1,10.0,10.0,10.0
section,1,2.0,2.0,2.0
pages,1,22.0,22.0,22.0
Points,9,3.0,30.0,9.444444444444445
degrees,122,0.0,180.0,88.73381147540987
fathoms,1,378.0,378.0,378.0
m2,4,1.0,8.0,2.75
micron,7,63.0,63.0,63.0
degree,11,0.25,160.0,15.238181818181822
hours,16,1.5,48.0,22.125000000000004
kilometers,2,20.0,70.0,45.0
bit,1,32.0,32.0,32.0
day,4,30.0,30.0,30.0
minute,8,5.0,10.0,6.25
dimensions,2,3.0,3.0,3.0
E,1,95.854,95.854,95.854
kilometer,1,1.0,1.0,1.0
hour,20,0.5,24.0,13.325000000000001
mm,2,1.1,4.5,2.8
h,1,12.0,12.0,12.0
months,11,3.0,36.0,9.636363636363637
m,116,0.4,4093.0,843.9995689655174
parts,8,18.0,18.0,18.0
times,2,2.0,5.35,3.675
miles,6,4.0,215.0,51.800000000000004
inches,3,24.0,198.0,84.0
gallons,2,200.0,800.0,500.0
minutes,12,5.0,30.0,19.742333333333335
page,1,1.0,1.0,1.0
