unit,count,min,max,average
wavelengths,3,11.0,12.0,11.666666666666668
kHz,1,12.0,12.0,12.0
square,1,94.0,94.0,94.0
cm,100,0.08,400.0,45.997299999999974
bar,4,1.5,350.0,175.75
m/s,10,2.0,240.0,114.9
hectare,1,1.4,1.4,1.4
energy,7,6.0,56.0,21.285714285714285
mil,9,2.0,93106.0,10354.888888888889
pound,1,3.5,3.5,3.5
micrometer,29,0.001,15.0,5.742206896551724
meter,27,0.79,125.0,22.918148148148152
Years,108,2.0,120.0,17.0925925925926
feet,12,8.2,5340.0,1335.8166666666664
watt,1,10.0,10.0,10.0
second,1,1.0,1.0,1.0
mile,1,200.0,200.0,200.0
meters,72,0.375,2000.0,180.99715277777776
Year,3,2.0,11.0,8.0
steps,6,16.0,64.0,43.833333333333336
gray,1,390.0,390.0,390.0
bytes,50,1.0,323640000.0,7043636.399999996
nanometer,6,0.4,600.0,115.23333333333335
byte,42,1.0,40.0,3.9523809523809534
points,7,2.0,512.0,366.42857142857144
kbit/s,4,32.0,400.0,173.0
inches,16,0.02,40.0,16.62125
min,113,1.0,400.0,13.20530973451328
section,1,2616.0,2616.0,2616.0
point,1,256.0,256.0,256.0
water,2,20.0,36.0,28.0
acres,14,0.5,8000.0,793.1785714285714
Edition,1,2000.0,2000.0,2000.0
kilometer,7,0.01,1.0,0.7171428571428573
degrees,201,0.0,360.0,84.47151741293534
m2,2,10.0,1000.0,505.0
inch,4,0.5,26.0,10.375
micron,11,0.02,15.4,4.512909090909091
ns,5,10.0,300.0,110.0
bits,26,4.0,128.0,30.384615384615387
pixel,2,256.0,300.0,278.0
day,7,1.0,30.0,19.714285714285715
volumes,2,32.0,5000.0,2516.0
degree,16,0.0,140.0,40.7875
sections,1,576.0,576.0,576.0
kilograms,8,18.0,400.0,135.625
liters,1,1.25,1.25,1.25
milligrams,2,10.0,100.0,55.0
rad,5,0.18,90.0,18.292
hours,16,2.0,68.0,20.5
hectares,3,9.3,34.0,24.433333333333334
step,2,1.0,16.0,8.5
part,1,1.0,1.0,1.0
cm3,1,100.0,100.0,100.0
Units,1,165.0,165.0,165.0
kilometers,10,4.8,833.0,203.24
foot,1,50.0,50.0,50.0
laser,1,13.0,13.0,13.0
bit,46,8.0,64800.0,1443.2608695652173
ha,4,77.0,1000.0,469.25
pages,4,116.0,541.0,291.75
minute,8,2.5,102.0,23.6875
nm,162,0.001,3000.0,489.6932962962963
digits,5,6.0,16.0,8.0
kB,1,2.0,2.0,2.0
squares,2,4.0,4.0,4.0
kg,27,0.286,411.0,131.61707407407408
d,3,5.0,5.0,5.0
hour,6,1.0,120.0,44.5
pounds,5,14.5,5700.0,1191.7
mm,36,0.0003,6400.0,237.3261472222223
h,2,1.0,24.0,12.5
Months,4,9.0,18.0,15.75
m,182,0.5,9000.0,262.5667032967033
Parts,1,7.1,7.1,7.1
times,17,0.01,1000.0,141.75270588235296
s,25,0.5,272.0,32.84575999999999
miles,20,15.0,1864.0,189.17499999999998
millimeter,1,39.0,39.0,39.0
millimeters,1,0.5,0.5,0.5
entries,1,8.0,8.0,8.0
dimensions,6,0.0,7.0,2.3333333333333335
minutes,28,2.0,120.0,29.60714285714285
E,1,165.0,165.0,165.0
