unit,count,min,max,average
mile,1,12.0,12.0,12.0
wavelengths,1,2.0,2.0,2.0
kHz,1,1200.0,1200.0,1200.0
mass,1,251.0,251.0,251.0
cm,27,0.81,70.0,9.759629629629629
point,2,1.0,1.0,1.0
m/s,3,10.0,10.0,10.0
bytes,4,770.0,870164.0,320594.75
energy,1,24.0,24.0,24.0
meter,1,1.0,1.0,1.0
Years,97,2.0,1000.0,24.346391752577315
feet,3,10.0,300.0,186.66666666666669
volt,7,12.0,12.0,12.0
frequency,1,1.0,1.0,1.0
meters,18,2.0,650.0,149.72222222222223
periods,1,8.0,8.0,8.0
Year,27,1.0,30.0,20.59259259259259
laboratory,1,13.0,13.0,13.0
bit,3,32.0,32.0,32.0
ha,2,0.0,0.0,0.0
grams,4,100.0,2500.0,700.0
Dimensions,1,2.0,2.0,2.0
min,16,1.0,90.0,41.31250000000001
day,10,1.0,7.0,3.2
miles,5,12.0,350.0,125.2
degrees,74,0.0,180.0,63.88795045045047
m2,1,6.2933,6.2933,6.2933
inch,1,18.0,18.0,18.0
steps,1,57.0,57.0,57.0
ph,2,33199.0,33199.0,33199.0
sections,4,3.0,3.0,3.0
liter,1,1.1,1.1,1.1
degree,4,0.5,90.0,56.375
kilograms,1,400.0,400.0,400.0
hours,110,0.0,400.0,34.40909090909091
units,1,10.0,10.0,10.0
base,1,2.5,2.5,2.5
inches,2,0.14,29.89,15.015
kilometers,3,8.0,100.0,39.333333333333336
e,1,75.0,75.0,75.0
byte,1,80.0,80.0,80.0
quarters,9,2.0,3.0,2.555555555555556
pages,3,5.0,75.0,32.66666666666667
minute,4,1.0,60.0,32.75
nm,4,331.2,360.0,352.79999999999995
digits,1,4.0,4.0,4.0
kg,2,33.0,280.0,156.5
kilometer,2,1.0,1.0,1.0
hour,31,1.0,20.0,10.35483870967742
Edition,1,2008.0,2008.0,2008.0
mm,60,0.68,492.1,13.68633333333334
months,25,2.0,18.0,8.959999999999996
m,9,0.2,500.0,116.25
parts,1,15.0,15.0,15.0
times,3,5.0,100.0,37.333333333333336
points,23,0.0,267.0,38.304347826086946
survey,2,2002.0,2004.0,2003.0
volumes,3,42.0,6089.0,3201.0
time,1,1996.0,1996.0,1996.0
quarter,3,1.0,1.0,1.0
minutes,54,0.0,70.0,25.62962962962964
PAGE,1,4.0,4.0,4.0
numbers,2,3.0,3.0,3.0
