unit,count,min,max,average
Stones,1,35.0,35.0,35.0
wavelengths,8,4.0,60.0,16.75
hectare,19,0.404685,583.0,90.55984131578947
mol,35,0.4,1015.0,726.5971428571428
rod,15,13.0,150.0,68.86666666666666
meter,182,0.01,5500.0,103.24460879120878
Years,58,2.0,5000.0,131.6551724137931
Symbols,1,3.3,3.3,3.3
colors,5,2.0,256.0,160.4
mile,89,0.04,621.0,37.34520449438201
kilo,1,102.0,102.0,102.0
centimeter,20,1.0,2.54,2.3089999999999993
Liters,15,1.5,240.0,31.326666666666664
carat,29,0.01,1.0,0.8903448275862066
Acres,130,2.296e-05,6000.0,227.30291787738463
megagram,3,0.9072,1.0,0.9381333333333334
Degrees,1,1.5,1.5,1.5
teaspoon,4,1.0,1.0,1.0
cm2/s,1,1.0,1.0,1.0
giga,1,106.0,106.0,106.0
pixel,8,0.0,1024.0,132.62500000000003
liter,43,0.02958,25.0,4.930738139534881
ed.,2,1958.0,2004.0,1981.0
inch,144,0.0,55.0,2.8895746527777817
knot,6,1.0,64.0,20.0
Entries,4,20.0,2553.0,1296.0
foot,152,0.02,2400.0,68.70095263157899
bit,21,1.0,30.0,12.857142857142858
quarters,18,2.0,15.0,4.833333333333334
day,271,0.0005,2015.0,36.10642250922513
minute,87,0.0,98.8,17.537931034482764
document,28,1.0,2020.0,829.0964285714283
bar,30,0.01,105.0,4.4206666666666665
d,155,0.0,2014.0,169.1426716129033
Pounds,139,0.12,2000.0,102.93979640287769
h,211,0.0,2300.0,36.49905213270143
Bytes,5,2.0,512.0,248.0
troy,34,1.0,503.0,21.58823529411764
tera,1,109.0,109.0,109.0
deals,10,1.0,1992.0,407.3
micro,2,31.0,1000.0,515.5
Miles,5,50.0,408.0,150.7
Steps,3,4.0,8.0,6.333333333333333
T,7,0.0,80202.0,11552.285714285714
millimeters,76,0.0625,304.8,47.31597763157897
quarter,13,1.0,2012.0,929.9615384615386
Page,1,59.0,59.0,59.0
Names,1,4.2,4.2,4.2
square,7,1.0,1129.0,483.95714285714297
weight,22,0.05,99.0,27.502272727272732
energy,5,22.0,2007.0,957.4
ounces,40,0.035275,953.0,29.701306875
milligram,7,0.0005,0.1,0.02327142857142857
Edition,10,1994.0,2014.0,2004.6
second,7,0.01,4.0,1.644285714285714
Frequency,5,8.0,2307.0,712.2
Meters,73,0.0,6378137.0,523808.3504013152
Examples,1,8.0,8.0,8.0
Year,3,1.0,3.0,2.3333333333333335
laboratory,4,8.0,2376.0,1600.0
nanometer,2,355.0,355.0,355.0
peta,1,1012.0,1012.0,1012.0
Dimensions,1,8.0,8.0,8.0
m2/s,3,50.0,40000.0,14016.666666666666
Speed,4,2.0,49.0,13.75
Section,1,1.0,1.0,1.0
kilometer,65,0.05,187.0,18.968076923076914
fathoms,24,0.54681,683.0,111.6061170833333
rem,7,1.0,300.0,51.85714285714286
squares,3,5.0,32.0,16.333333333333332
Chains,1,417.0,417.0,417.0
gram,58,0.01,424.0,8.569552068965518
degree,117,0.000138888888,2015.0,34.7949548907882
decisions,4,7.0,1380.0,430.0
atoms,40,0.2,1018.0,120.73750000000001
Hours,466,1.5,5000.0,86.2696137339056
hecto,1,10.0,10.0,10.0
base,41,5.0,2013.0,1434.1463414634145
yards,62,1.0936,1000.0,123.89012258064518
Kilometers,1,500.0,500.0,500.0
byte,3,2.0,512.0,172.66666666666666
hand,2,103.0,7034.0,3568.5
digits,21,2.0,12.0,4.809523809523811
water,99,1.0,49039.0,1886.3838383838372
Stone,2,20.0,260.0,140.0
yard,3,1.094,50.0,17.396
gallons,41,0.26417,4600.0,359.66446756097554
Months,38,0.873,24.0,8.723763157894739
Step,1,39.0,39.0,39.0
Times,6,0.05,5.0,2.5083333333333333
turn,1,2010.0,2010.0,2010.0
s,124,0.0,2008.0,94.5709677419355
ounce,36,3.53e-05,523.0,17.865005758333332
survey,87,1.0,2013.0,1600.2413793103453
bushel,1,85.0,85.0,85.0
cm,1027,0.0,1150.0,39.594070107108095
Point,2,1.2,6.0,3.6
m/s,96,0.05,760.0,18.12681708333334
Length,3,0.0,67.0,23.46666666666667
feet,1032,0.032808,7993.0,235.8836690465119
volt,12,3.3,110.0,45.275000000000006
dram,2,1.0,2.0,1.5
Gases,3,0.0,2372.0,869.6666666666666
joule,1,4.184,4.184,4.184
Unit,16,1.0,48.0,3.9374999999999987
ps,6,40.0,100.0,64.0
legislation,5,3.41,2010.0,1602.0819999999999
System,1,2.1,2.1,2.1
hertz,6,10.0,1500.0,628.0
fm,18,2.0,600.0,62.83333333333335
ton,68,0.034,130.0,6.081367647058824
m3,57,1.0,700.0,86.15087719298242
acre,36,0.0,500.0,46.27142353055557
micron,45,0.004,250.0,52.06160000000001
pH,1,8.5,8.5,8.5
Bits,19,2.0,144.0,33.947368421052616
Inches,183,0.017,884.0,34.95430054644807
kilograms,231,0.385,883.0,163.58916675324687
cup,1,1.0,1.0,1.0
m2,36,0.1,2400.0,393.3152777777779
lists,40,1.0,152.0,9.219999999999992
Part,1,2009.0,2009.0,2009.0
cm3,15,0.08,82.0578,6.562986666666665
atom,2,0.75,1.0,0.875
E,6,1.0,2003.0,348.0
ha,65,0.0,9000.0,540.7673846153848
bushels,1,14.3,14.3,14.3
mg,107,0.001,1100.0,94.51664485981313
laser,21,1.0,1064.0,507.4761904761904
hour,269,0.01,120.0,18.678475836431208
mM,7,0.0005,640.0,127.14292857142856
Sections,13,3.0,527.0,49.78461538461539
milligrams,60,0.0005,500.0,106.48255833333333
Minutes,195,2.0,250.0,27.135384615384616
periods,6,2.0,2090.0,356.16666666666663
tonne,2,0.43971,0.47732,0.458515
kHz,1,1.0,1.0,1.0
pound,39,0.0022046,900.0,46.575755400000006
avoirdupois,16,1.09714,1.09714,1.09714
micrometer,5,0.4,2.4,0.83
Numbers,11,3.0,2013.0,1154.1818181818182
gallon,20,0.2642,264.2,21.121180000000006
mole,1,1.0,1.0,1.0
nM,108,0.1187,10000.0,777.8298953703704
Min,189,1.0,480.0,16.18730158730157
lengths,1,2.0,2.0,2.0
microgram,40,0.004,1.0,0.17472500000000002
Radiation,2,2.6,1311.0,656.8
milliliters,15,30.0,500.0,115.00000000000001
Parts,175,0.05,6000.0,115.68640000000003
quantities,28,1992.0,2014.0,2012.4999999999995
Units,146,2.0,89.0,11.867808219178082
grain,3,0.005,2007.0,669.019
centimeters,51,1.25,124.5,20.24490196078432
ns,12,0.44,50.0,9.055833333333332
quart,4,1.0,5.0,2.0283474999999997
pint,1,53.0,53.0,53.0
gill,1,184.0,184.0,184.0
tablespoon,1,1.0,1.0,1.0
quarts,2,1.0567,2.1,1.57835
grains,6,0.003,57.0,29.0005
millimeter,25,0.125,87.0,23.378600000000006
hectares,45,0.1,2500.0,241.20188222222217
watt,2,50.0,800.0,425.0
Pages,29,5.0,2009.0,269.31034482758616
mil,7,0.57,250.0,90.01742857142857
kb,3,5.0,56.0,23.666666666666668
kg,486,0.0,9100.0,219.9165428684362
grams,231,0.01,2500.0,149.11074458874464
exa,1,1015.0,1015.0,1015.0
Amount,3,15.0,1994.0,675.6666666666666
M,6,2.5,2013.0,371.33333333333337
kilogram,42,0.0311035,500.0,27.647426273809533
Points,282,2.0,4300.0,105.9865248226951
mass,6,191.0,2005.0,542.6966666666666
volumes,13,2.0,700.0,98.42307692307693
Time,1,2014.0,2014.0,2014.0
barrel,4,1.0,6.289,2.32225
Quantity,1,10.2,10.2,10.2
