unit,count,min,max,average
kHz,1,32.0,32.0,32.0
cm,31,1.1,10000.0,482.99032258064506
m/s,3,210.0,500.0,403.3333333333333
liters,1,2.0,2.0,2.0
meter,13,1.0,73.0,35.31538461538463
years,130,0.0,3000.0,145.7741538461538
volt,2,115.0,115.0,115.0
meters,16,0.375,500.0,129.0859375
numbers,1,10.0,10.0,10.0
Year,1,2012.0,2012.0,2012.0
transitions,3,25.0,25.0,25.0
nM,6,0.016,667.0,262.25533333333334
min,28,3.0,180.0,53.775
water,2,3.0,3.0,3.0
pages,2,100.0,100.0,100.0
points,2,14.0,14.0,14.0
degrees,59,2.0,98.5,55.14067796610168
m3,12,0.6,6630.0,553.75
m2,2,30.0,6400.0,3215.0
units,8,0.0,793.0,262.0
micron,12,0.04,5.0,1.4900000000000002
bits,5,24.0,136.0,70.8
degree,8,1.0,140.0,36.0
Hours,4,3.0,30.0,12.75
bytes,1,10744.0,10744.0,10744.0
part,18,639.0,639.0,639.0
mol,2,2.7,2.7,2.7
kg,37,1.1,2755.0,635.0567567567566
ha,5,3.0,50.0,32.64
day,20,1.0,172.0,46.9
minute,6,0.5,15.0,5.5
kb,2,1.0,150.0,75.5
mg,24,0.01,5072.0,559.31625
bar,5,2.5,215.0,88.3
d,5,0.02,40.0,16.328
hour,1,1.0,1.0,1.0
edition,1,2015.0,2015.0,2015.0
mM,11,0.1,950.0,260.7918181818182
h,46,1.0,72.0,13.616086956521738
months,23,1.5,72.0,10.608695652173914
m,168,0.017,6400.0,369.3786488095238
times,7,2.0,14.0,8.017142857142858
s,2,61.0,61.0,61.0
miles,4,30.0,100.0,65.0
volumes,2,2.0,4.0,3.0
minutes,22,3.0,104.0,77.65363636363637
