unit,count,min,max,average
meter,12,0.5,1000.0,152.08333333333337
Years,43,5.0,4000.0,325.2790697674417
symbols,1,4.0,4.0,4.0
colors,2,300.0,300.0,300.0
mile,5,1.6,200.0,47.92
ounces,3,2.0,8.0,4.0
centimeter,1,2.0,2.0,2.0
cup,1,1.0,1.0,1.0
acres,18,0.22,3000.0,1029.012222222222
kilometer,5,1.0,300.0,79.8
Degrees,225,0.05,700.0,61.01155555555557
teaspoon,1,1.0,1.0,1.0
units,3,2.0,100.0,35.666666666666664
entries,9,23.0,20130729.0,6710650.666666667
foot,2,6.0,7.0,6.5
bit,8,32.0,1024.0,164.0
quarters,1,20.0,20.0,20.0
day,30,1.0,366.0,61.784102966666644
minute,70,1.0,90.0,15.642857142857146
bar,5,1.0,2005.0,435.6
d,5,2.0,794.0,160.85999999999999
Pounds,18,8.0,500.0,97.39444444444445
h,3,3.0,26.0,11.666666666666666
clocks,1,101.0,101.0,101.0
Steps,1,4.0,4.0,4.0
gram,3,100.0,350.0,266.6666666666667
millimeters,2,2.5,5.0,3.75
Page,2,2.0,24.0,13.0
Edition,17,10.0,2016.0,1674.9411764705883
second,2,1.0,32.0,16.5
meters,63,1.25,3660.0,1221.7425396825395
examples,2,3.0,11.0,7.0
Year,4,2.0,21.0,10.75
Dimensions,1,5.0,5.0,5.0
Section,1,8.0,8.0,8.0
Miles,135,0.2,2000.0,119.71703703703702
fathoms,1,378.0,378.0,378.0
degree,16,0.1,90.0,17.662499999999998
hours,137,1.5,150.0,27.605839416058398
base,2,95.0,95.0,95.0
yards,4,78.0,360.0,184.5
kilometers,22,3.0,3000.0,358.4659090909091
digits,2,3.0,12.0,7.5
water,7,2006.0,3011.0,2149.5714285714284
gallons,3,15.0,800.0,338.3333333333333
months,129,2.0,120.0,12.435658914728679
Times,37,1.5,1000.0,77.71351351351352
survey,8,18.0,2015.0,1511.5000000000002
bushel,2,0.4,0.8,0.6000000000000001
cm,16,7.0,76.0,26.75
m/s,4,20.0,345.0,202.5
feet,89,2.0,2128.0,174.28651685393245
unit,1,1.0,1.0,1.0
legislation,2,127.0,127.0,127.0
system,5,5.0,8000.0,2076.42
m3,3,106.0,900.0,371.0
micron,1,270.0,270.0,270.0
Bits,3,32.0,64.0,53.33333333333333
inches,270,0.01,450.0,11.767333333333328
kilograms,2,907.0,1870.0,1388.5
lists,1,30.0,30.0,30.0
kG,1,100.0,100.0,100.0
bushels,4,3.5,173.4,59.75
mg,2,9.6,28.6,19.1
hour,42,1.0,90.0,15.773809523809524
mm,18,0.1,950.0,200.6783333333333
milligrams,1,5.0,5.0,5.0
Minutes,88,2.0,100.0,30.011363636363637
kHz,1,7.0,7.0,7.0
mole,1,76.0,76.0,76.0
Nm,8,273.0,1083.0,873.2375000000001
min,29,2.0,97.0,41.213793103448275
parts,52,3.0,400.0,64.17307692307695
inch,22,0.1,17.0,8.814545454545453
document,3,3.0,2014.0,673.3333333333334
tablespoon,1,1.0,1.0,1.0
millimeter,1,400.0,400.0,400.0
watt,1,60.0,60.0,60.0
pages,8,2.0,2009.0,337.75
E,1,95.854,95.854,95.854
grams,4,4.0,149.0,104.5
m,154,0.017,5800.0,366.68722727272745
kilogram,1,1000000.0,1000000.0,1000000.0
Points,18,2.0,100.0,34.94444444444444
mass,1,727.0,727.0,727.0
Volumes,2,4.0,108.0,56.0
TIME,1,2015.0,2015.0,2015.0
