unit,count,min,max,average
Stones,1,2010.0,2010.0,2010.0
wavelengths,21,3.0,432.0,52.66666666666668
chain,2,55.0,100.0,77.5
liters,81,1e-09,2160.0,152.94186791359272
mol,4,0.1,108.0,55.025
meter,853,0.001,3.085678e+16,58356634933239.79
Years,2,2.0,25.0,13.5
symbols,6,2.0,95.0,29.333333333333336
Colors,4,256.0,2014.0,695.5
mile,251,0.1,9000.0,94.59669322709156
Ounces,127,2e-06,40.0,10.491144110236222
Decisions,1,15.0,15.0,15.0
cup,127,1.0,14.0,1.1574803149606296
carat,4,24.0,45.52,40.14000000000001
Acres,52,2.83,1640.0,302.20826923076936
prefixes,7,2.0,5.0,4.142857142857142
micron,175,0.1,800.0,37.12555428571427
teaspoon,36,1.0,1.0,1.0
hectare,9,0.1,700.0,98.81111111111112
cm3,4,0.3,100.0,50.325
pixel,51,0.11,4096.0,253.4549019607843
liter,25,0.001,2214.0,515.9844400000002
ed.,5,2.0,5.0,3.1999999999999997
fluid,2,3.0,200.0,101.5
Units,394,0.0,400.0,18.034530456852778
knot,39,1.0,170.0,35.282051282051285
Entries,41,0.0,90210.0,2380.4634146341473
foot,170,1.0,900.0,56.82455882352937
bit,400,1.0,3072.0,61.21250000000008
Quarters,38,2.0,2014.0,217.8684210526316
day,2899,0.0,2014.0,20.098168134184192
Minute,557,0.0,750.0,22.750628366247795
gray,5,31.0,33117.0,8755.2
nS,1,3300.0,3300.0,3300.0
bar,16,1e-05,1079.0,148.21875125
D,24,1.0,4411419.0,1470839.175
Pounds,49,1.67,955.0,133.74346938775506
h,494,0.0,2075.0,95.4472874493926
Bytes,32,3.0,1045227520.0,32666320.359687496
conforms,1,2002.0,2002.0,2002.0
Deals,6,1.0,2014.0,674.6666666666667
cd/m2,7,500.0,500.0,500.0
Miles,49,1.25,500.0,69.27775510204079
Steps,1,12.0,12.0,12.0
T,26,0.0,94704.0,33119.76923076922
millimeters,256,0.01,1000.0,49.01664062499997
bpp,3,8.0,8.0,8.0
Quarter,67,1.0,2015.0,185.68656716417925
Page,1,179.0,179.0,179.0
Names,15,1.1,900.0,100.85999999999999
newton,3,0.00980665,9.80665,4.754892755086833
square,120,1.16,6023.0,358.3471666666667
force,1,2001.0,2001.0,2001.0
Grain,1,320.0,320.0,320.0
weight,3,28.0,2000.0,1342.6666666666665
kbit/s,13,1.0,512.0,150.92307692307693
energy,25,3.0,2020.0,492.11999999999983
kilo,1,400.0,400.0,400.0
milligram,2,0.5,0.5,0.5
Edition,3,2014.0,2015.0,2014.6666666666665
second,61,0.05,300.0,44.50901639344263
Frequency,4,1.0,2013.0,511.25
Meters,241,0.3,10000.0,503.62203319502095
Examples,6,2.0,24.0,7.333333333333333
Year,1,31.0,31.0,31.0
Laboratory,3,2.0,2005.0,1059.6666666666667
Transitions,5,1.0,25.0,7.0
nanometer,7,0.1,100.0,29.028571428571432
barn,1,3.0,3.0,3.0
kbit,1,512.0,512.0,512.0
Length,5,1.0,2014.0,563.1400000000001
Dimensions,1,8.0,8.0,8.0
micro,1,648.0,648.0,648.0
Speed,1,2009.0,2009.0,2009.0
Section,1,85721.0,85721.0,85721.0
fathom,1,60.0,60.0,60.0
decimeters,3,6.0,10.0,8.666666666666668
kilometer,269,0.3,6000.0,77.74423791821573
fathoms,10,10.0,500.0,165.3
tablespoon,55,1.0,4.0,1.072727272727272
Squares,4,3.0,16.0,10.25
gram,16,0.4,1015.0,76.68125000000002
degree,651,0.0,6000.0,49.384866528417824
centimeter,104,1.0,165.0,13.159615384615384
henry,2,22.0,898755400000.0,449377700011.0
atoms,15,0.001,2009.0,233.98533333333336
Water,5,2.0,2015.0,410.4
Step,5,0.1,4978220.0,995646.0199999999
base,17,1.0,2013.0,849.0588235294116
Yards,249,1.0936,4967.0,275.6582072289158
Kilometers,96,0.5,1000.0,172.9229166666666
byte,39,0.0,9000.0,528.8717948717948
hand,3,3.0,10.0,6.333333333333333
Digits,3,4.0,4.0,4.0
Hours,1454,1.0,6500.0,61.589320013755206
Stone,1,33.0,33.0,33.0
yard,12,1.0,100.0,42.58333333333334
mega,2,30.0,162.55,96.275
Gallons,5,4.7,50.0,20.94
Months,61,2.0,36.0,11.852459016393444
Times,5072,0.1,689209100.0,136748.768505521
S,96,0.0,10000.0,224.5548229166667
ounce,20,0.16,60.0,11.69
survey,269,1.0,2015.0,1796.8475836431237
gamma,3,4.0,17.0,8.666666666666668
cm,2656,0.0,3500.0,46.70927704559864
Point,26,0.5,36000.0,1400.919230769231
m/s,546,0.0,299792458.0,1526777.0003296686
lumens,1,150.0,150.0,150.0
RAD,12,8.0,2009.0,180.41666666666669
Feet,134,1.0,8847.0,522.9924626865671
volt,14,1.0,299.7925,62.14946428571429
Newtons,2,10.0,100.0,55.0
gases,4,3.0,150.0,78.25
joule,6,4.184,4184000000.0,732497910.5711087
Unit,52,0.5,216.0,10.413461538461542
ps,11,1.6,2009.0,295.46363636363634
Legislation,5,508.0,2013.0,1698.6
System,47,1.0,106906.0,9752.929787234041
hertz,10,0.66,3000.0,720.066
FM,8,88.3,1000.0,257.375
dm3,1,1.000028,1.000028,1.000028
ton,18,1.0,700.0,72.25
M3,6,2.0,2048.0,506.8333333333333
acre,41,0.2,900.0,131.13878048780492
Degrees,7,10.0,85.0,47.57142857142857
Ph,2,80301.0,90274.0,85287.5
Sections,46,2.0,400.0,277.34782608695645
becquerel,1,37000000000.0,37000000000.0,37000000000.0
Inches,64,0.004,355.0,24.311781249999992
league,2,2013.0,2013.0,2013.0
kilograms,173,0.26,5000.0,369.6667260115607
Quantities,4,2.0,10.0,8.0
m2,79,9.869233e-13,10000.0,534.4397063291138
Lists,3,10.0,25.0,15.0
teaspoons,23,2.0,768.0,37.56521739130436
Part,11,4.0,2012.0,601.7272727272726
atom,2,1.0,2005.0,1003.0
E,1,891254.0,891254.0,891254.0
ha,76,0.4,5000.0,541.209642105263
bushels,3,160.0,308.0,243.0
mg,114,0.064,3400.0,230.40183333333323
laser,18,2.0,6250.0,582.7222222222223
Hour,1177,0.0,1000.0,14.21495327102804
mM,76,0.08,940.0,84.71860526315791
Bits,35,3.0,2048.0,129.85714285714292
milligrams,28,0.07,1500.0,215.86857142857144
erg,4,1.0,1052.0,788.75
cal,3,2000.0,6500.0,4265.333333333333
milliliters,4,2.0,100.0,51.00000000000001
Minutes,37,5.0,100.0,31.108108108108116
Periods,1,2002.0,2002.0,2002.0
tonne,15,0.5,2.3,1.0533333333333335
kHz,1,10.0,10.0,10.0
pound,44,0.68,2240.0,206.78749999999994
pints,6,3.0,644.0,283.6666666666667
micrometer,80,0.05,250.0,36.21412499999999
decimeter,1,1.0,1.0,1.0
Numbers,3,1.0,2013.0,1341.6666666666667
cGy,1,1000.0,1000.0,1000.0
radian,1,1.0,1.0,1.0
gallon,49,0.45,1500.0,60.721428571428575
cables,4,4.0,600.0,303.5
mole,1,1.0,1.0,1.0
nM,93,0.2,1854.0,423.35913978494654
min,2146,0.5,773.39,27.469119291705468
lengths,2,3.0,3.0,3.0
Radiation,3,2.0,27.0,10.833333333333334
Amount,1,10.0,10.0,10.0
Parts,94,0.0071,30135.0,547.1223627659579
Inch,157,0.01,91.6,8.284076433121013
dynes,4,1000.0,1000.0,1000.0
centimeters,525,1e-08,270.0,27.48087638099045
Document,172,1.0,7120.8,368.81633720930245
quart,12,1.0,10.0,1.75
pint,7,1.0,8.0,2.0
kelvin,4,43.0,280.0,198.6
quarts,3,1.0567,3.0,2.0189
molecule,4,1.0,504.0,127.25
grains,4,80.0,1500.0,635.0
millimeter,53,0.1,400.0,25.5
hectares,58,0.5,5000.0,814.679310344828
m/s2,1,108.0,108.0,108.0
watt,20,0.9,9809.5,656.6298945
Pages,4,3.0,92.0,30.25
mil,77,0.8,962.5,129.52753246753244
kB,3,3.0,450.0,201.66666666666666
kG,1,8.0,8.0,8.0
grams,257,0.286,8110.0,225.7918284046691
coulomb,4,1.0,96521.9,72375.9775
Siemens,3,1.11265e-12,1000000000.0,333333362.3333333
m2/s,2,0.1,1.0,0.55
M,875,-3000.0,6700.0,593.8231462857135
kilogram,16,1.0,1000000.0,62601.44707125
Points,195,0.0,2500.0,57.544307692307704
mass,8,11.0,2002.0,741.8749999999999
volumes,90,2.0,3000.0,172.22222222222223
Time,1,2015.0,2015.0,2015.0
barrel,1,1.5,1.5,1.5
Quantity,1,33.0,33.0,33.0
