unit,count,min,max,average
kHz,1,600.0,600.0,600.0
square,9,1.0,1.0,1.0
knot,14,34.0,64.0,48.28571428571428
cm,354,0.0,400.0,21.480056497175145
point,4,0.0,144.0,36.0
m/s,4,0.03,1.0,0.5149999999999999
liters,1,5.0,5.0,5.0
ounces,2,6.82,6.82,6.82
micrometer,6,1.0,250.0,84.0
meter,72,1.0,1360.0,153.13888888888906
Years,60,2.0,8000.0,268.5500000000001
feet,83,0.000328,6900.0,603.7972970602412
Edition,3,1826.0,2003.0,1885.0
kilometer,2,1.0,1.0,1.0
mile,3,1.0,85.0,29.0
Meters,83,0.000239,4300.0,233.7506917107256
year,90,0.5,1800.0,67.74333333333331
nm,144,0.3,2800.0,609.3205555555559
ton,1,55.0,55.0,55.0
mole,2,1.0,1.0,1.0
points,13,0.0,2392.0,467.6923076923077
inches,11,0.4,31.0,6.810909090909091
steps,2,3.0,5.0,4.0
min,77,1.0,90.0,27.096103896103894
section,1,1.0,1.0,1.0
ns,3,1.0,500.0,233.66666666666666
day,36,0.2,63.0,11.769444444444442
hectares,1,20.0,20.0,20.0
parts,21,0.5,75.0,30.380952380952383
degrees,230,0.0,314.0,60.63828840608691
m3,5,1.0,398.0,105.38
m2,34,0.0,5500.0,403.00411764705893
inch,10,0.25,8.0,4.95
micron,5,0.45,2.0,1.0699999999999998
Document,1,1.2,1.2,1.2
bits,3,12.0,32.0,25.333333333333332
pixel,2,1.0,3.0,2.0
gram,2,1.0,1.0,1.0
degree,33,0.04,360.0,83.31030303030303
kb,9,46.0,750.0,498.6666666666667
kilograms,1,90.0,90.0,90.0
acre,7,0.5,1.0,0.7857142857142858
lists,1,1.0,1.0,1.0
hours,103,2.0,338.0,22.572815533980574
Dimensions,1,3.0,3.0,3.0
Part,1,1.0,1.0,1.0
Units,2,54.0,726.0,390.0
yards,3,300.0,500.0,366.6666666666667
kilometers,32,2.5,3000.0,221.07812499999994
foot,4,0.01,3.5,0.8825
E,1,18.5,18.5,18.5
bit,4,8.0,12.0,10.0
ha,5,1.0,9.0,2.6
pages,10,3.0,837.0,249.8
minute,27,1.0,30.0,9.185185185185185
mil,1,93106.0,93106.0,93106.0
water,12,1.0,2000.0,174.08333333333334
mg,8,0.53,228.0,84.75375
squares,18,10.0,10.0,10.0
kg,15,0.03,1026.0,383.5486666666667
d,2,2.0,34.0,18.0
hour,91,1.0,120.0,36.241758241758234
pounds,5,100.0,805.0,292.2
mM,79,0.06,5000.0,125.86746835443037
h,64,0.0,120.0,16.98828125000001
months,70,1.5,17.0,7.449999999999998
m,1366,0.0,7814.0,456.63050922401186
mol,1,0.0,0.0,0.0
times,75,0.0001,1000.0,32.16800133333333
bar,1,800.0,800.0,800.0
S,7,0.5,30.0,8.085714285714287
miles,33,1.5,739.0,144.67575757575756
survey,45,0.000328,2013.0,1907.3333406222223
t,2,1.0,1.0,1.0
time,4,200.0,2010.0,1552.5
minutes,230,1.5,100.0,26.860869565217417
Page,5,1.0,2007.0,402.4
