unit,count,min,max,average
kHz,1,600.0,600.0,600.0
square,3,150.0,609.0,455.66666666666663
cm,424,0.0,402.5,21.591273584905654
point,8,100.0,100.0,100.0
m/s,659,0.0,54.06,0.7910015174506826
bytes,3,5.0,8190.0,2816.6666666666665
meter,25,1.0,50.0,7.078399999999999
Years,23,5.0,500.0,58.30434782608697
feet,1509,3.0,44961.0,21768.65407554681
edition,6,1980.0,1999.0,1992.8333333333335
colors,2,24.0,24.0,24.0
Meters,2,1.6,3.535533906,2.567766953
year,2,100.0,100.0,100.0
nm,2,280.0,280.0,280.0
bit,47,1.0,8192.0,365.1489361702128
inches,1,100.0,100.0,100.0
min,109,5.0,120.0,35.95688073394494
points,11,5.0,100.0,54.90909090909091
degrees,40,0.0,400.0,84.50575000000002
rem,1,0.0,0.0,0.0
squares,2,190.0,190.0,190.0
bits,56,2.0,8192.0,1485.0178571428569
degree,1,1.0,1.0,1.0
Laboratory,1,10.0,10.0,10.0
lists,1,2.0,2.0,2.0
hours,24,1.5,24.0,14.833333333333336
base,1,1992.0,1992.0,1992.0
kilometers,3,12.0,140.0,56.0
E,32,4.0,34.0,27.937499999999996
part,1,1903.0,1903.0,1903.0
ha,8,1.0,1000.0,500.49999999999994
pages,1,126.0,126.0,126.0
dimensions,26,1.0,19.0,10.000000000000002
water,304,0.0,933.0,21.90098684210525
kg,2,1.0,5.2,3.1
hour,4,1.0,1.0,1.0
byte,5,1.0,1020.0,210.0
h,1,2.0,2.0,2.0
months,17,0.0,24.0,6.88235294117647
m,2076,0.0,3500.0,7.526723025048135
times,5,3.0,25.0,7.3999999999999995
mm,6,0.45,125.0,83.48333333333333
s,454,1.0,61.0,24.704845814977944
miles,11,12.0,700.0,206.0
mass,2,251.0,251.0,251.0
volumes,2,4.0,4.0,4.0
Time,1,2010.0,2010.0,2010.0
minutes,2,2.0,8.0,5.0
Page,1,1952.0,1952.0,1952.0
